15151000
15151001
15151002
15151003
15151004
15151005
15151006
15151007
15151008
15151009
15151010
15151011
15151012
15151013
15151014
15151015
15151016
15151017
15151018
15151019
15151020
15151021
15151022
15151023
15151024
15151025
15151026
15151027
15151028
15151029
15151030
15151031
15151032
15151033
15151034
15151035
15151036
15151037
15151038
15151039
15151040
15151041
15151042
15151043
15151044
15151045
15151046
15151047
15151048
15151049
15151050
15151051
15151052
15151053
15151054
15151055
15151056
15151057
15151058
15151059
15151060
15151061
15151062
15151063
15151064
15151065
15151066
15151067
15151068
15151069
15151070
15151071
15151072
15151073
15151074
15151075
15151076
15151077
15151078
15151079
15151080
15151081
15151082
15151083
15151084
15151085
15151086
15151087
15151088
15151089
15151090
15151091
15151092
15151093
15151094
15151095
15151096
15151097
15151098
15151099
15151100
15151101
15151102
15151103
15151104
15151105
15151106
15151107
15151108
15151109
15151110
15151111
15151112
15151113
15151114
15151115
15151116
15151117
15151118
15151119
15151120
15151121
15151122
15151123
15151124
15151125
15151126
15151127
15151128
15151129
15151130
15151131
15151132
15151133
15151134
15151135
15151136
15151137
15151138
15151139
15151140
15151141
15151142
15151143
15151144
15151145
15151146
15151147
15151148
15151149
15151150
15151151
15151152
15151153
15151154
15151155
15151156
15151157
15151158
15151159
15151160
15151161
15151162
15151163
15151164
15151165
15151166
15151167
15151168
15151169
15151170
15151171
15151172
15151173
15151174
15151175
15151176
15151177
15151178
15151179
15151180
15151181
15151182
15151183
15151184
15151185
15151186
15151187
15151188
15151189
15151190
15151191
15151192
15151193
15151194
15151195
15151196
15151197
15151198
15151199
15151200
15151201
15151202
15151203
15151204
15151205
15151206
15151207
15151208
15151209
15151210
15151211
15151212
15151213
15151214
15151215
15151216
15151217
15151218
15151219
15151220
15151221
15151222
15151223
15151224
15151225
15151226
15151227
15151228
15151229
15151230
15151231
15151232
15151233
15151234
15151235
15151236
15151237
15151238
15151239
15151240
15151241
15151242
15151243
15151244
15151245
15151246
15151247
15151248
15151249
15151250
15151251
15151252
15151253
15151254
15151255
15151256
15151257
15151258
15151259
15151260
15151261
15151262
15151263
15151264
15151265
15151266
15151267
15151268
15151269
15151270
15151271
15151272
15151273
15151274
15151275
15151276
15151277
15151278
15151279
15151280
15151281
15151282
15151283
15151284
15151285
15151286
15151287
15151288
15151289
15151290
15151291
15151292
15151293
15151294
15151295
15151296
15151297
15151298
15151299
15151300
15151301
15151302
15151303
15151304
15151305
15151306
15151307
15151308
15151309
15151310
15151311
15151312
15151313
15151314
15151315
15151316
15151317
15151318
15151319
15151320
15151321
15151322
15151323
15151324
15151325
15151326
15151327
15151328
15151329
15151330
15151331
15151332
15151333
15151334
15151335
15151336
15151337
15151338
15151339
15151340
15151341
15151342
15151343
15151344
15151345
15151346
15151347
15151348
15151349
15151350
15151351
15151352
15151353
15151354
15151355
15151356
15151357
15151358
15151359
15151360
15151361
15151362
15151363
15151364
15151365
15151366
15151367
15151368
15151369
15151370
15151371
15151372
15151373
15151374
15151375
15151376
15151377
15151378
15151379
15151380
15151381
15151382
15151383
15151384
15151385
15151386
15151387
15151388
15151389
15151390
15151391
15151392
15151393
15151394
15151395
15151396
15151397
15151398
15151399
15151400
15151401
15151402
15151403
15151404
15151405
15151406
15151407
15151408
15151409
15151410
15151411
15151412
15151413
15151414
15151415
15151416
15151417
15151418
15151419
15151420
15151421
15151422
15151423
15151424
15151425
15151426
15151427
15151428
15151429
15151430
15151431
15151432
15151433
15151434
15151435
15151436
15151437
15151438
15151439
15151440
15151441
15151442
15151443
15151444
15151445
15151446
15151447
15151448
15151449
15151450
15151451
15151452
15151453
15151454
15151455
15151456
15151457
15151458
15151459
15151460
15151461
15151462
15151463
15151464
15151465
15151466
15151467
15151468
15151469
15151470
15151471
15151472
15151473
15151474
15151475
15151476
15151477
15151478
15151479
15151480
15151481
15151482
15151483
15151484
15151485
15151486
15151487
15151488
15151489
15151490
15151491
15151492
15151493
15151494
15151495
15151496
15151497
15151498
15151499
15151500
15151501
15151502
15151503
15151504
15151505
15151506
15151507
15151508
15151509
15151510
15151511
15151512
15151513
15151514
15151515
15151516
15151517
15151518
15151519
15151520
15151521
15151522
15151523
15151524
15151525
15151526
15151527
15151528
15151529
15151530
15151531
15151532
15151533
15151534
15151535
15151536
15151537
15151538
15151539
15151540
15151541
15151542
15151543
15151544
15151545
15151546
15151547
15151548
15151549
15151550
15151551
15151552
15151553
15151554
15151555
15151556
15151557
15151558
15151559
15151560
15151561
15151562
15151563
15151564
15151565
15151566
15151567
15151568
15151569
15151570
15151571
15151572
15151573
15151574
15151575
15151576
15151577
15151578
15151579
15151580
15151581
15151582
15151583
15151584
15151585
15151586
15151587
15151588
15151589
15151590
15151591
15151592
15151593
15151594
15151595
15151596
15151597
15151598
15151599
15151600
15151601
15151602
15151603
15151604
15151605
15151606
15151607
15151608
15151609
15151610
15151611
15151612
15151613
15151614
15151615
15151616
15151617
15151618
15151619
15151620
15151621
15151622
15151623
15151624
15151625
15151626
15151627
15151628
15151629
15151630
15151631
15151632
15151633
15151634
15151635
15151636
15151637
15151638
15151639
15151640
15151641
15151642
15151643
15151644
15151645
15151646
15151647
15151648
15151649
15151650
15151651
15151652
15151653
15151654
15151655
15151656
15151657
15151658
15151659
15151660
15151661
15151662
15151663
15151664
15151665
15151666
15151667
15151668
15151669
15151670
15151671
15151672
15151673
15151674
15151675
15151676
15151677
15151678
15151679
15151680
15151681
15151682
15151683
15151684
15151685
15151686
15151687
15151688
15151689
15151690
15151691
15151692
15151693
15151694
15151695
15151696
15151697
15151698
15151699
15151700
15151701
15151702
15151703
15151704
15151705
15151706
15151707
15151708
15151709
15151710
15151711
15151712
15151713
15151714
15151715
15151716
15151717
15151718
15151719
15151720
15151721
15151722
15151723
15151724
15151725
15151726
15151727
15151728
15151729
15151730
15151731
15151732
15151733
15151734
15151735
15151736
15151737
15151738
15151739
15151740
15151741
15151742
15151743
15151744
15151745
15151746
15151747
15151748
15151749
15151750
15151751
15151752
15151753
15151754
15151755
15151756
15151757
15151758
15151759
15151760
15151761
15151762
15151763
15151764
15151765
15151766
15151767
15151768
15151769
15151770
15151771
15151772
15151773
15151774
15151775
15151776
15151777
15151778
15151779
15151780
15151781
15151782
15151783
15151784
15151785
15151786
15151787
15151788
15151789
15151790
15151791
15151792
15151793
15151794
15151795
15151796
15151797
15151798
15151799
15151800
15151801
15151802
15151803
15151804
15151805
15151806
15151807
15151808
15151809
15151810
15151811
15151812
15151813
15151814
15151815
15151816
15151817
15151818
15151819
15151820
15151821
15151822
15151823
15151824
15151825
15151826
15151827
15151828
15151829
15151830
15151831
15151832
15151833
15151834
15151835
15151836
15151837
15151838
15151839
15151840
15151841
15151842
15151843
15151844
15151845
15151846
15151847
15151848
15151849
15151850
15151851
15151852
15151853
15151854
15151855
15151856
15151857
15151858
15151859
15151860
15151861
15151862
15151863
15151864
15151865
15151866
15151867
15151868
15151869
15151870
15151871
15151872
15151873
15151874
15151875
15151876
15151877
15151878
15151879
15151880
15151881
15151882
15151883
15151884
15151885
15151886
15151887
15151888
15151889
15151890
15151891
15151892
15151893
15151894
15151895
15151896
15151897
15151898
15151899
15151900
15151901
15151902
15151903
15151904
15151905
15151906
15151907
15151908
15151909
15151910
15151911
15151912
15151913
15151914
15151915
15151916
15151917
15151918
15151919
15151920
15151921
15151922
15151923
15151924
15151925
15151926
15151927
15151928
15151929
15151930
15151931
15151932
15151933
15151934
15151935
15151936
15151937
15151938
15151939
15151940
15151941
15151942
15151943
15151944
15151945
15151946
15151947
15151948
15151949
15151950
15151951
15151952
15151953
15151954
15151955
15151956
15151957
15151958
15151959
15151960
15151961
15151962
15151963
15151964
15151965
15151966
15151967
15151968
15151969
15151970
15151971
15151972
15151973
15151974
15151975
15151976
15151977
15151978
15151979
15151980
15151981
15151982
15151983
15151984
15151985
15151986
15151987
15151988
15151989
15151990
15151991
15151992
15151993
15151994
15151995
15151996
15151997
15151998
15151999
